-2.00000000e+00
-3.00000000e+00
-3.00000000e+00
-3.00000000e+00
-3.00000000e+00
-3.00000000e+00
-3.00000000e+00
-3.00000000e+00
-4.00000000e+00
-4.00000000e+00
-4.00000000e+00
-4.00000000e+00
-4.00000000e+00
-4.00000000e+00
-4.00000000e+00
-5.00000000e+00
-5.00000000e+00
-5.00000000e+00
-5.00000000e+00
-5.00000000e+00
-5.00000000e+00
-5.00000000e+00
-6.00000000e+00
-6.00000000e+00
-6.00000000e+00
-6.00000000e+00
-6.00000000e+00
-6.00000000e+00
-6.00000000e+00
-7.00000000e+00
-7.00000000e+00
-7.00000000e+00
-7.00000000e+00
-7.00000000e+00
-7.00000000e+00
-7.00000000e+00
-8.00000000e+00
-8.00000000e+00
-8.00000000e+00
-8.00000000e+00
-8.00000000e+00
-8.00000000e+00
-8.00000000e+00
-8.00000000e+00
-8.00000000e+00
-8.00000000e+00
-9.00000000e+00
-9.00000000e+00
-9.00000000e+00
-9.00000000e+00
-9.00000000e+00
-9.00000000e+00
-9.00000000e+00
-9.00000000e+00
-9.00000000e+00
-9.00000000e+00
-9.00000000e+00
-9.00000000e+00
-9.00000000e+00
-9.00000000e+00
-9.00000000e+00
-9.00000000e+00
-9.00000000e+00
-9.00000000e+00
-9.00000000e+00
-9.00000000e+00
-9.00000000e+00
-9.00000000e+00
-9.00000000e+00
-9.00000000e+00
-9.00000000e+00
-9.00000000e+00
-9.00000000e+00
-9.00000000e+00
-8.00000000e+00
-8.00000000e+00
-8.00000000e+00
-8.00000000e+00
-8.00000000e+00
-8.00000000e+00
-8.00000000e+00
-8.00000000e+00
-7.00000000e+00
-7.00000000e+00
-7.00000000e+00
-7.00000000e+00
-7.00000000e+00
-6.00000000e+00
-6.00000000e+00
-6.00000000e+00
-6.00000000e+00
-5.00000000e+00
-5.00000000e+00
-5.00000000e+00
-4.00000000e+00
-4.00000000e+00
-4.00000000e+00
-4.00000000e+00
-3.00000000e+00
-3.00000000e+00
-3.00000000e+00
-2.00000000e+00
-2.00000000e+00
-1.00000000e+00
-1.00000000e+00
-1.00000000e+00
-0.00000000e+00
0.00000000e+00
0.00000000e+00
1.00000000e+00
1.00000000e+00
2.00000000e+00
2.00000000e+00
3.00000000e+00
3.00000000e+00
4.00000000e+00
4.00000000e+00
4.00000000e+00
5.00000000e+00
5.00000000e+00
6.00000000e+00
6.00000000e+00
7.00000000e+00
7.00000000e+00
8.00000000e+00
8.00000000e+00
9.00000000e+00
1.00000000e+01
1.00000000e+01
1.10000000e+01
1.10000000e+01
1.20000000e+01
1.20000000e+01
1.30000000e+01
1.30000000e+01
1.40000000e+01
1.40000000e+01
1.50000000e+01
1.50000000e+01
1.60000000e+01
1.60000000e+01
1.70000000e+01
1.80000000e+01
1.80000000e+01
1.90000000e+01
1.90000000e+01
2.00000000e+01
2.00000000e+01
2.10000000e+01
2.10000000e+01
2.20000000e+01
2.20000000e+01
2.30000000e+01
2.30000000e+01
2.40000000e+01
2.40000000e+01
2.50000000e+01
2.50000000e+01
2.50000000e+01
2.60000000e+01
2.60000000e+01
2.70000000e+01
2.70000000e+01
2.70000000e+01
2.80000000e+01
2.80000000e+01
2.90000000e+01
2.90000000e+01
2.90000000e+01
3.00000000e+01
3.00000000e+01
3.00000000e+01
3.00000000e+01
3.10000000e+01
3.10000000e+01
3.10000000e+01
3.10000000e+01
3.20000000e+01
3.20000000e+01
3.20000000e+01
3.20000000e+01
3.20000000e+01
3.20000000e+01
3.20000000e+01
3.20000000e+01
3.20000000e+01
3.20000000e+01
3.20000000e+01
3.20000000e+01
3.20000000e+01
3.20000000e+01
3.20000000e+01
3.20000000e+01
3.20000000e+01
3.20000000e+01
3.20000000e+01
3.10000000e+01
3.10000000e+01
3.10000000e+01
3.10000000e+01
3.00000000e+01
3.00000000e+01
3.00000000e+01
2.90000000e+01
2.90000000e+01
2.80000000e+01
2.80000000e+01
2.80000000e+01
2.70000000e+01
2.70000000e+01
2.60000000e+01
2.50000000e+01
2.50000000e+01
2.40000000e+01
2.40000000e+01
2.30000000e+01
2.20000000e+01
2.10000000e+01
2.10000000e+01
2.00000000e+01
1.90000000e+01
1.80000000e+01
1.80000000e+01
1.70000000e+01
1.60000000e+01
1.50000000e+01
1.40000000e+01
1.30000000e+01
1.20000000e+01
1.10000000e+01
1.00000000e+01
9.00000000e+00
8.00000000e+00
7.00000000e+00
6.00000000e+00
5.00000000e+00
4.00000000e+00
2.00000000e+00
1.00000000e+00
-0.00000000e+00
-1.00000000e+00
-2.00000000e+00
-4.00000000e+00
-5.00000000e+00
-6.00000000e+00
-7.00000000e+00
-9.00000000e+00
-1.00000000e+01
-1.10000000e+01
-1.30000000e+01
-1.40000000e+01
-1.50000000e+01
-1.70000000e+01
-1.80000000e+01
-2.00000000e+01
-2.10000000e+01
-2.20000000e+01
-2.40000000e+01
-2.50000000e+01
-2.70000000e+01
-2.80000000e+01
-2.90000000e+01
-3.10000000e+01
-3.20000000e+01
-3.40000000e+01
-3.50000000e+01
-3.60000000e+01
-3.80000000e+01
-3.90000000e+01
-4.10000000e+01
-4.20000000e+01
-4.30000000e+01
-4.50000000e+01
-4.60000000e+01
-4.70000000e+01
-4.90000000e+01
-5.00000000e+01
-5.10000000e+01
-5.30000000e+01
-5.40000000e+01
-5.50000000e+01
-5.60000000e+01
-5.80000000e+01
-5.90000000e+01
-6.00000000e+01
-6.10000000e+01
-6.20000000e+01
-6.30000000e+01
-6.40000000e+01
-6.60000000e+01
-6.70000000e+01
-6.80000000e+01
-6.90000000e+01
-7.00000000e+01
-7.00000000e+01
-7.10000000e+01
-7.20000000e+01
-7.30000000e+01
-7.40000000e+01
-7.50000000e+01
-7.50000000e+01
-7.60000000e+01
-7.70000000e+01
-7.70000000e+01
-7.80000000e+01
-7.80000000e+01
-7.90000000e+01
-7.90000000e+01
-8.00000000e+01
-8.00000000e+01
-8.00000000e+01
-8.00000000e+01
-8.10000000e+01
-8.10000000e+01
-8.10000000e+01
-8.10000000e+01
-8.10000000e+01
-8.10000000e+01
-8.10000000e+01
-8.10000000e+01
-8.10000000e+01
-8.00000000e+01
-8.00000000e+01
-8.00000000e+01
-7.90000000e+01
-7.90000000e+01
-7.80000000e+01
-7.80000000e+01
-7.70000000e+01
-7.60000000e+01
-7.60000000e+01
-7.50000000e+01
-7.40000000e+01
-7.30000000e+01
-7.20000000e+01
-7.10000000e+01
-7.00000000e+01
-6.90000000e+01
-6.80000000e+01
-6.70000000e+01
-6.50000000e+01
-6.40000000e+01
-6.30000000e+01
-6.10000000e+01
-6.00000000e+01
-5.80000000e+01
-5.70000000e+01
-5.50000000e+01
-5.30000000e+01
-5.10000000e+01
-5.00000000e+01
-4.80000000e+01
-4.60000000e+01
-4.40000000e+01
-4.20000000e+01
-4.00000000e+01
-3.80000000e+01
-3.50000000e+01
-3.30000000e+01
-3.10000000e+01
-2.90000000e+01
-2.60000000e+01
-2.40000000e+01
-2.10000000e+01
-1.90000000e+01
-1.60000000e+01
-1.40000000e+01
-1.10000000e+01
-8.00000000e+00
-6.00000000e+00
-3.00000000e+00
-0.00000000e+00
2.00000000e+00
5.00000000e+00
8.00000000e+00
1.10000000e+01
1.40000000e+01
1.70000000e+01
2.00000000e+01
2.30000000e+01
2.60000000e+01
2.90000000e+01
3.20000000e+01
3.50000000e+01
3.80000000e+01
4.10000000e+01
4.40000000e+01
4.70000000e+01
5.00000000e+01
5.40000000e+01
5.70000000e+01
6.00000000e+01
6.30000000e+01
6.60000000e+01
6.90000000e+01
7.20000000e+01
7.50000000e+01
7.80000000e+01
8.20000000e+01
8.50000000e+01
8.80000000e+01
9.10000000e+01
9.40000000e+01
9.70000000e+01
1.00000000e+02
1.03000000e+02
1.06000000e+02
1.08000000e+02
1.11000000e+02
1.14000000e+02
1.17000000e+02
1.20000000e+02
1.22000000e+02
1.25000000e+02
1.28000000e+02
1.30000000e+02
1.33000000e+02
1.35000000e+02
1.38000000e+02
1.40000000e+02
1.42000000e+02
1.45000000e+02
1.47000000e+02
1.49000000e+02
1.51000000e+02
1.53000000e+02
1.55000000e+02
1.57000000e+02
1.58000000e+02
1.60000000e+02
1.62000000e+02
1.63000000e+02
1.65000000e+02
1.66000000e+02
1.67000000e+02
1.69000000e+02
1.70000000e+02
1.71000000e+02
1.72000000e+02
1.73000000e+02
1.73000000e+02
1.74000000e+02
1.75000000e+02
1.75000000e+02
1.75000000e+02
1.76000000e+02
1.76000000e+02
1.76000000e+02
1.76000000e+02
1.76000000e+02
1.76000000e+02
1.75000000e+02
1.75000000e+02
1.74000000e+02
1.73000000e+02
1.73000000e+02
1.72000000e+02
1.71000000e+02
1.69000000e+02
1.68000000e+02
1.67000000e+02
1.65000000e+02
1.64000000e+02
1.62000000e+02
1.60000000e+02
1.58000000e+02
1.56000000e+02
1.54000000e+02
1.52000000e+02
1.49000000e+02
1.47000000e+02
1.44000000e+02
1.41000000e+02
1.38000000e+02
1.35000000e+02
1.32000000e+02
1.29000000e+02
1.25000000e+02
1.22000000e+02
1.18000000e+02
1.15000000e+02
1.11000000e+02
1.07000000e+02
1.03000000e+02
9.90000000e+01
9.40000000e+01
9.00000000e+01
8.60000000e+01
8.10000000e+01
7.60000000e+01
7.20000000e+01
6.70000000e+01
6.20000000e+01
5.70000000e+01
5.20000000e+01
4.60000000e+01
4.10000000e+01
3.60000000e+01
3.00000000e+01
2.50000000e+01
1.90000000e+01
1.30000000e+01
7.00000000e+00
1.00000000e+00
-5.00000000e+00
-1.10000000e+01
-1.70000000e+01
-2.30000000e+01
-2.90000000e+01
-3.50000000e+01
-4.20000000e+01
-4.80000000e+01
-5.40000000e+01
-6.10000000e+01
-6.70000000e+01
-7.40000000e+01
-8.00000000e+01
-8.70000000e+01
-9.40000000e+01
-1.00000000e+02
-1.07000000e+02
-1.14000000e+02
-1.20000000e+02
-1.27000000e+02
-1.34000000e+02
-1.41000000e+02
-1.47000000e+02
-1.54000000e+02
-1.61000000e+02
-1.67000000e+02
-1.74000000e+02
-1.81000000e+02
-1.87000000e+02
-1.94000000e+02
-2.00000000e+02
-2.07000000e+02
-2.13000000e+02
-2.20000000e+02
-2.26000000e+02
-2.33000000e+02
-2.39000000e+02
-2.45000000e+02
-2.51000000e+02
-2.57000000e+02
-2.63000000e+02
-2.69000000e+02
-2.75000000e+02
-2.80000000e+02
-2.86000000e+02
-2.92000000e+02
-2.97000000e+02
-3.02000000e+02
-3.07000000e+02
-3.13000000e+02
-3.17000000e+02
-3.22000000e+02
-3.27000000e+02
-3.32000000e+02
-3.36000000e+02
-3.40000000e+02
-3.44000000e+02
-3.48000000e+02
-3.52000000e+02
-3.56000000e+02
-3.59000000e+02
-3.63000000e+02
-3.66000000e+02
-3.69000000e+02
-3.72000000e+02
-3.74000000e+02
-3.77000000e+02
-3.79000000e+02
-3.81000000e+02
-3.83000000e+02
-3.84000000e+02
-3.86000000e+02
-3.87000000e+02
-3.88000000e+02
-3.89000000e+02
-3.89000000e+02
-3.90000000e+02
-3.90000000e+02
-3.90000000e+02
-3.89000000e+02
-3.89000000e+02
-3.88000000e+02
-3.87000000e+02
-3.85000000e+02
-3.84000000e+02
-3.82000000e+02
-3.80000000e+02
-3.78000000e+02
-3.75000000e+02
-3.72000000e+02
-3.69000000e+02
-3.66000000e+02
-3.62000000e+02
-3.58000000e+02
-3.54000000e+02
-3.50000000e+02
-3.45000000e+02
-3.40000000e+02
-3.35000000e+02
-3.29000000e+02
-3.23000000e+02
-3.17000000e+02
-3.11000000e+02
-3.04000000e+02
-2.97000000e+02
-2.90000000e+02
-2.83000000e+02
-2.75000000e+02
-2.67000000e+02
-2.59000000e+02
-2.50000000e+02
-2.41000000e+02
-2.32000000e+02
-2.22000000e+02
-2.13000000e+02
-2.03000000e+02
-1.92000000e+02
-1.82000000e+02
-1.71000000e+02
-1.60000000e+02
-1.48000000e+02
-1.37000000e+02
-1.25000000e+02
-1.13000000e+02
-1.00000000e+02
-8.70000000e+01
-7.40000000e+01
-6.10000000e+01
-4.80000000e+01
-3.40000000e+01
-2.00000000e+01
-5.00000000e+00
9.00000000e+00
2.40000000e+01
3.90000000e+01
5.40000000e+01
7.00000000e+01
8.60000000e+01
1.02000000e+02
1.18000000e+02
1.34000000e+02
1.51000000e+02
1.68000000e+02
1.85000000e+02
2.02000000e+02
2.20000000e+02
2.37000000e+02
2.55000000e+02
2.73000000e+02
2.91000000e+02
3.10000000e+02
3.29000000e+02
3.47000000e+02
3.66000000e+02
3.85000000e+02
4.05000000e+02
4.24000000e+02
4.44000000e+02
4.63000000e+02
4.83000000e+02
5.03000000e+02
5.23000000e+02
5.43000000e+02
5.64000000e+02
5.84000000e+02
6.05000000e+02
6.25000000e+02
6.46000000e+02
6.67000000e+02
6.88000000e+02
7.08000000e+02
7.29000000e+02
7.50000000e+02
7.71000000e+02
7.93000000e+02
8.14000000e+02
8.35000000e+02
8.56000000e+02
8.77000000e+02
8.98000000e+02
9.20000000e+02
9.41000000e+02
9.62000000e+02
9.83000000e+02
1.00400000e+03
1.02500000e+03
1.04700000e+03
1.06800000e+03
1.08900000e+03
1.10900000e+03
1.13000000e+03
1.15100000e+03
1.17200000e+03
1.19200000e+03
1.21300000e+03
1.23300000e+03
1.25300000e+03
1.27400000e+03
1.29400000e+03
1.31400000e+03
1.33300000e+03
1.35300000e+03
1.37200000e+03
1.39200000e+03
1.41100000e+03
1.43000000e+03
1.44900000e+03
1.46700000e+03
1.48600000e+03
1.50400000e+03
1.52200000e+03
1.54000000e+03
1.55700000e+03
1.57500000e+03
1.59200000e+03
1.60900000e+03
1.62500000e+03
1.64200000e+03
1.65800000e+03
1.67400000e+03
1.68900000e+03
1.70500000e+03
1.72000000e+03
1.73400000e+03
1.74900000e+03
1.76300000e+03
1.77700000e+03
1.79100000e+03
1.80400000e+03
1.81700000e+03
1.83000000e+03
1.84200000e+03
1.85400000e+03
1.86600000e+03
1.87700000e+03
1.88800000e+03
1.89900000e+03
1.90900000e+03
1.91900000e+03
1.92900000e+03
1.93800000e+03
1.94700000e+03
1.95600000e+03
1.96400000e+03
1.97200000e+03
1.97900000e+03
1.98600000e+03
1.99300000e+03
1.99900000e+03
2.00500000e+03
2.01100000e+03
2.01600000e+03
2.02100000e+03
2.02500000e+03
2.02900000e+03
2.03300000e+03
2.03600000e+03
2.03900000e+03
2.04100000e+03
2.04300000e+03
2.04500000e+03
2.04600000e+03
2.04700000e+03
2.04700000e+03
2.04700000e+03
2.04700000e+03
2.04600000e+03
2.04500000e+03
2.04300000e+03
2.04100000e+03
2.03900000e+03
2.03600000e+03
2.03300000e+03
2.02900000e+03
2.02500000e+03
2.02100000e+03
2.01600000e+03
2.01100000e+03
2.00500000e+03
1.99900000e+03
1.99300000e+03
1.98600000e+03
1.97900000e+03
1.97200000e+03
1.96400000e+03
1.95600000e+03
1.94700000e+03
1.93800000e+03
1.92900000e+03
1.91900000e+03
1.90900000e+03
1.89900000e+03
1.88800000e+03
1.87700000e+03
1.86600000e+03
1.85400000e+03
1.84200000e+03
1.83000000e+03
1.81700000e+03
1.80400000e+03
1.79100000e+03
1.77700000e+03
1.76300000e+03
1.74900000e+03
1.73400000e+03
1.72000000e+03
1.70500000e+03
1.68900000e+03
1.67400000e+03
1.65800000e+03
1.64200000e+03
1.62500000e+03
1.60900000e+03
1.59200000e+03
1.57500000e+03
1.55700000e+03
1.54000000e+03
1.52200000e+03
1.50400000e+03
1.48600000e+03
1.46700000e+03
1.44900000e+03
1.43000000e+03
1.41100000e+03
1.39200000e+03
1.37200000e+03
1.35300000e+03
1.33300000e+03
1.31400000e+03
1.29400000e+03
1.27400000e+03
1.25300000e+03
1.23300000e+03
1.21300000e+03
1.19200000e+03
1.17200000e+03
1.15100000e+03
1.13000000e+03
1.10900000e+03
1.08900000e+03
1.06800000e+03
1.04700000e+03
1.02500000e+03
1.00400000e+03
9.83000000e+02
9.62000000e+02
9.41000000e+02
9.20000000e+02
8.98000000e+02
8.77000000e+02
8.56000000e+02
8.35000000e+02
8.14000000e+02
7.93000000e+02
7.71000000e+02
7.50000000e+02
7.29000000e+02
7.08000000e+02
6.88000000e+02
6.67000000e+02
6.46000000e+02
6.25000000e+02
6.05000000e+02
5.84000000e+02
5.64000000e+02
5.43000000e+02
5.23000000e+02
5.03000000e+02
4.83000000e+02
4.63000000e+02
4.44000000e+02
4.24000000e+02
4.05000000e+02
3.85000000e+02
3.66000000e+02
3.47000000e+02
3.29000000e+02
3.10000000e+02
2.91000000e+02
2.73000000e+02
2.55000000e+02
2.37000000e+02
2.20000000e+02
2.02000000e+02
1.85000000e+02
1.68000000e+02
1.51000000e+02
1.34000000e+02
1.18000000e+02
1.02000000e+02
8.60000000e+01
7.00000000e+01
5.40000000e+01
3.90000000e+01
2.40000000e+01
9.00000000e+00
-5.00000000e+00
-2.00000000e+01
-3.40000000e+01
-4.80000000e+01
-6.10000000e+01
-7.40000000e+01
-8.70000000e+01
-1.00000000e+02
-1.13000000e+02
-1.25000000e+02
-1.37000000e+02
-1.48000000e+02
-1.60000000e+02
-1.71000000e+02
-1.82000000e+02
-1.92000000e+02
-2.03000000e+02
-2.13000000e+02
-2.22000000e+02
-2.32000000e+02
-2.41000000e+02
-2.50000000e+02
-2.59000000e+02
-2.67000000e+02
-2.75000000e+02
-2.83000000e+02
-2.90000000e+02
-2.97000000e+02
-3.04000000e+02
-3.11000000e+02
-3.17000000e+02
-3.23000000e+02
-3.29000000e+02
-3.35000000e+02
-3.40000000e+02
-3.45000000e+02
-3.50000000e+02
-3.54000000e+02
-3.58000000e+02
-3.62000000e+02
-3.66000000e+02
-3.69000000e+02
-3.72000000e+02
-3.75000000e+02
-3.78000000e+02
-3.80000000e+02
-3.82000000e+02
-3.84000000e+02
-3.85000000e+02
-3.87000000e+02
-3.88000000e+02
-3.89000000e+02
-3.89000000e+02
-3.90000000e+02
-3.90000000e+02
-3.90000000e+02
-3.89000000e+02
-3.89000000e+02
-3.88000000e+02
-3.87000000e+02
-3.86000000e+02
-3.84000000e+02
-3.83000000e+02
-3.81000000e+02
-3.79000000e+02
-3.77000000e+02
-3.74000000e+02
-3.72000000e+02
-3.69000000e+02
-3.66000000e+02
-3.63000000e+02
-3.59000000e+02
-3.56000000e+02
-3.52000000e+02
-3.48000000e+02
-3.44000000e+02
-3.40000000e+02
-3.36000000e+02
-3.32000000e+02
-3.27000000e+02
-3.22000000e+02
-3.17000000e+02
-3.13000000e+02
-3.07000000e+02
-3.02000000e+02
-2.97000000e+02
-2.92000000e+02
-2.86000000e+02
-2.80000000e+02
-2.75000000e+02
-2.69000000e+02
-2.63000000e+02
-2.57000000e+02
-2.51000000e+02
-2.45000000e+02
-2.39000000e+02
-2.33000000e+02
-2.26000000e+02
-2.20000000e+02
-2.13000000e+02
-2.07000000e+02
-2.00000000e+02
-1.94000000e+02
-1.87000000e+02
-1.81000000e+02
-1.74000000e+02
-1.67000000e+02
-1.61000000e+02
-1.54000000e+02
-1.47000000e+02
-1.41000000e+02
-1.34000000e+02
-1.27000000e+02
-1.20000000e+02
-1.14000000e+02
-1.07000000e+02
-1.00000000e+02
-9.40000000e+01
-8.70000000e+01
-8.00000000e+01
-7.40000000e+01
-6.70000000e+01
-6.10000000e+01
-5.40000000e+01
-4.80000000e+01
-4.20000000e+01
-3.50000000e+01
-2.90000000e+01
-2.30000000e+01
-1.70000000e+01
-1.10000000e+01
-5.00000000e+00
1.00000000e+00
7.00000000e+00
1.30000000e+01
1.90000000e+01
2.50000000e+01
3.00000000e+01
3.60000000e+01
4.10000000e+01
4.60000000e+01
5.20000000e+01
5.70000000e+01
6.20000000e+01
6.70000000e+01
7.20000000e+01
7.60000000e+01
8.10000000e+01
8.60000000e+01
9.00000000e+01
9.40000000e+01
9.90000000e+01
1.03000000e+02
1.07000000e+02
1.11000000e+02
1.15000000e+02
1.18000000e+02
1.22000000e+02
1.25000000e+02
1.29000000e+02
1.32000000e+02
1.35000000e+02
1.38000000e+02
1.41000000e+02
1.44000000e+02
1.47000000e+02
1.49000000e+02
1.52000000e+02
1.54000000e+02
1.56000000e+02
1.58000000e+02
1.60000000e+02
1.62000000e+02
1.64000000e+02
1.65000000e+02
1.67000000e+02
1.68000000e+02
1.69000000e+02
1.71000000e+02
1.72000000e+02
1.73000000e+02
1.73000000e+02
1.74000000e+02
1.75000000e+02
1.75000000e+02
1.76000000e+02
1.76000000e+02
1.76000000e+02
1.76000000e+02
1.76000000e+02
1.76000000e+02
1.75000000e+02
1.75000000e+02
1.75000000e+02
1.74000000e+02
1.73000000e+02
1.73000000e+02
1.72000000e+02
1.71000000e+02
1.70000000e+02
1.69000000e+02
1.67000000e+02
1.66000000e+02
1.65000000e+02
1.63000000e+02
1.62000000e+02
1.60000000e+02
1.58000000e+02
1.57000000e+02
1.55000000e+02
1.53000000e+02
1.51000000e+02
1.49000000e+02
1.47000000e+02
1.45000000e+02
1.42000000e+02
1.40000000e+02
1.38000000e+02
1.35000000e+02
1.33000000e+02
1.30000000e+02
1.28000000e+02
1.25000000e+02
1.22000000e+02
1.20000000e+02
1.17000000e+02
1.14000000e+02
1.11000000e+02
1.08000000e+02
1.06000000e+02
1.03000000e+02
1.00000000e+02
9.70000000e+01
9.40000000e+01
9.10000000e+01
8.80000000e+01
8.50000000e+01
8.20000000e+01
7.80000000e+01
7.50000000e+01
7.20000000e+01
6.90000000e+01
6.60000000e+01
6.30000000e+01
6.00000000e+01
5.70000000e+01
5.40000000e+01
5.00000000e+01
4.70000000e+01
4.40000000e+01
4.10000000e+01
3.80000000e+01
3.50000000e+01
3.20000000e+01
2.90000000e+01
2.60000000e+01
2.30000000e+01
2.00000000e+01
1.70000000e+01
1.40000000e+01
1.10000000e+01
8.00000000e+00
5.00000000e+00
2.00000000e+00
-0.00000000e+00
-3.00000000e+00
-6.00000000e+00
-8.00000000e+00
-1.10000000e+01
-1.40000000e+01
-1.60000000e+01
-1.90000000e+01
-2.10000000e+01
-2.40000000e+01
-2.60000000e+01
-2.90000000e+01
-3.10000000e+01
-3.30000000e+01
-3.50000000e+01
-3.80000000e+01
-4.00000000e+01
-4.20000000e+01
-4.40000000e+01
-4.60000000e+01
-4.80000000e+01
-5.00000000e+01
-5.10000000e+01
-5.30000000e+01
-5.50000000e+01
-5.70000000e+01
-5.80000000e+01
-6.00000000e+01
-6.10000000e+01
-6.30000000e+01
-6.40000000e+01
-6.50000000e+01
-6.70000000e+01
-6.80000000e+01
-6.90000000e+01
-7.00000000e+01
-7.10000000e+01
-7.20000000e+01
-7.30000000e+01
-7.40000000e+01
-7.50000000e+01
-7.60000000e+01
-7.60000000e+01
-7.70000000e+01
-7.80000000e+01
-7.80000000e+01
-7.90000000e+01
-7.90000000e+01
-8.00000000e+01
-8.00000000e+01
-8.00000000e+01
-8.10000000e+01
-8.10000000e+01
-8.10000000e+01
-8.10000000e+01
-8.10000000e+01
-8.10000000e+01
-8.10000000e+01
-8.10000000e+01
-8.10000000e+01
-8.00000000e+01
-8.00000000e+01
-8.00000000e+01
-8.00000000e+01
-7.90000000e+01
-7.90000000e+01
-7.80000000e+01
-7.80000000e+01
-7.70000000e+01
-7.70000000e+01
-7.60000000e+01
-7.50000000e+01
-7.50000000e+01
-7.40000000e+01
-7.30000000e+01
-7.20000000e+01
-7.10000000e+01
-7.00000000e+01
-7.00000000e+01
-6.90000000e+01
-6.80000000e+01
-6.70000000e+01
-6.60000000e+01
-6.40000000e+01
-6.30000000e+01
-6.20000000e+01
-6.10000000e+01
-6.00000000e+01
-5.90000000e+01
-5.80000000e+01
-5.60000000e+01
-5.50000000e+01
-5.40000000e+01
-5.30000000e+01
-5.10000000e+01
-5.00000000e+01
-4.90000000e+01
-4.70000000e+01
-4.60000000e+01
-4.50000000e+01
-4.30000000e+01
-4.20000000e+01
-4.10000000e+01
-3.90000000e+01
-3.80000000e+01
-3.60000000e+01
-3.50000000e+01
-3.40000000e+01
-3.20000000e+01
-3.10000000e+01
-2.90000000e+01
-2.80000000e+01
-2.70000000e+01
-2.50000000e+01
-2.40000000e+01
-2.20000000e+01
-2.10000000e+01
-2.00000000e+01
-1.80000000e+01
-1.70000000e+01
-1.50000000e+01
-1.40000000e+01
-1.30000000e+01
-1.10000000e+01
-1.00000000e+01
-9.00000000e+00
-7.00000000e+00
-6.00000000e+00
-5.00000000e+00
-4.00000000e+00
-2.00000000e+00
-1.00000000e+00
-0.00000000e+00
1.00000000e+00
2.00000000e+00
4.00000000e+00
5.00000000e+00
6.00000000e+00
7.00000000e+00
8.00000000e+00
9.00000000e+00
1.00000000e+01
1.10000000e+01
1.20000000e+01
1.30000000e+01
1.40000000e+01
1.50000000e+01
1.60000000e+01
1.70000000e+01
1.80000000e+01
1.80000000e+01
1.90000000e+01
2.00000000e+01
2.10000000e+01
2.10000000e+01
2.20000000e+01
2.30000000e+01
2.40000000e+01
2.40000000e+01
2.50000000e+01
2.50000000e+01
2.60000000e+01
2.70000000e+01
2.70000000e+01
2.80000000e+01
2.80000000e+01
2.80000000e+01
2.90000000e+01
2.90000000e+01
3.00000000e+01
3.00000000e+01
3.00000000e+01
3.10000000e+01
3.10000000e+01
3.10000000e+01
3.10000000e+01
3.20000000e+01
3.20000000e+01
3.20000000e+01
3.20000000e+01
3.20000000e+01
3.20000000e+01
3.20000000e+01
3.20000000e+01
3.20000000e+01
3.20000000e+01
3.20000000e+01
3.20000000e+01
3.20000000e+01
3.20000000e+01
3.20000000e+01
3.20000000e+01
3.20000000e+01
3.20000000e+01
3.20000000e+01
3.10000000e+01
3.10000000e+01
3.10000000e+01
3.10000000e+01
3.00000000e+01
3.00000000e+01
3.00000000e+01
3.00000000e+01
2.90000000e+01
2.90000000e+01
2.90000000e+01
2.80000000e+01
2.80000000e+01
2.70000000e+01
2.70000000e+01
2.70000000e+01
2.60000000e+01
2.60000000e+01
2.50000000e+01
2.50000000e+01
2.50000000e+01
2.40000000e+01
2.40000000e+01
2.30000000e+01
2.30000000e+01
2.20000000e+01
2.20000000e+01
2.10000000e+01
2.10000000e+01
2.00000000e+01
2.00000000e+01
1.90000000e+01
1.90000000e+01
1.80000000e+01
1.80000000e+01
1.70000000e+01
1.60000000e+01
1.60000000e+01
1.50000000e+01
1.50000000e+01
1.40000000e+01
1.40000000e+01
1.30000000e+01
1.30000000e+01
1.20000000e+01
1.20000000e+01
1.10000000e+01
1.10000000e+01
1.00000000e+01
1.00000000e+01
9.00000000e+00
8.00000000e+00
8.00000000e+00
7.00000000e+00
7.00000000e+00
6.00000000e+00
6.00000000e+00
5.00000000e+00
5.00000000e+00
4.00000000e+00
4.00000000e+00
4.00000000e+00
3.00000000e+00
3.00000000e+00
2.00000000e+00
2.00000000e+00
1.00000000e+00
1.00000000e+00
0.00000000e+00
0.00000000e+00
-0.00000000e+00
-1.00000000e+00
-1.00000000e+00
-1.00000000e+00
-2.00000000e+00
-2.00000000e+00
-3.00000000e+00
-3.00000000e+00
-3.00000000e+00
-4.00000000e+00
-4.00000000e+00
-4.00000000e+00
-4.00000000e+00
-5.00000000e+00
-5.00000000e+00
-5.00000000e+00
-6.00000000e+00
-6.00000000e+00
-6.00000000e+00
-6.00000000e+00
-7.00000000e+00
-7.00000000e+00
-7.00000000e+00
-7.00000000e+00
-7.00000000e+00
-8.00000000e+00
-8.00000000e+00
-8.00000000e+00
-8.00000000e+00
-8.00000000e+00
-8.00000000e+00
-8.00000000e+00
-8.00000000e+00
-9.00000000e+00
-9.00000000e+00
-9.00000000e+00
-9.00000000e+00
-9.00000000e+00
-9.00000000e+00
-9.00000000e+00
-9.00000000e+00
-9.00000000e+00
-9.00000000e+00
-9.00000000e+00
-9.00000000e+00
-9.00000000e+00
-9.00000000e+00
-9.00000000e+00
-9.00000000e+00
-9.00000000e+00
-9.00000000e+00
-9.00000000e+00
-9.00000000e+00
-9.00000000e+00
-9.00000000e+00
-9.00000000e+00
-9.00000000e+00
-9.00000000e+00
-9.00000000e+00
-9.00000000e+00
-9.00000000e+00
-8.00000000e+00
-8.00000000e+00
-8.00000000e+00
-8.00000000e+00
-8.00000000e+00
-8.00000000e+00
-8.00000000e+00
-8.00000000e+00
-8.00000000e+00
-8.00000000e+00
-7.00000000e+00
-7.00000000e+00
-7.00000000e+00
-7.00000000e+00
-7.00000000e+00
-7.00000000e+00
-7.00000000e+00
-6.00000000e+00
-6.00000000e+00
-6.00000000e+00
-6.00000000e+00
-6.00000000e+00
-6.00000000e+00
-6.00000000e+00
-5.00000000e+00
-5.00000000e+00
-5.00000000e+00
-5.00000000e+00
-5.00000000e+00
-5.00000000e+00
-5.00000000e+00
-4.00000000e+00
-4.00000000e+00
-4.00000000e+00
-4.00000000e+00
-4.00000000e+00
-4.00000000e+00
-4.00000000e+00
-3.00000000e+00
-3.00000000e+00
-3.00000000e+00
-3.00000000e+00
-3.00000000e+00
-3.00000000e+00
-3.00000000e+00
-2.00000000e+00
