-3.82678312508e-06
-7.78691026723e-06
-1.18808545335e-05
-1.61090126714e-05
-2.04717021832e-05
-2.49691583309e-05
-2.96015310291e-05
-3.43688816292e-05
-3.92711795932e-05
-4.4308299059e-05
-4.94800152975e-05
-5.47860010648e-05
-6.02258228489e-05
-6.57989370148e-05
-7.15046858499e-05
-7.73422935125e-05
-8.3310861886e-05
-8.94093663437e-05
-9.56366514263e-05
-0.000101991426438
-0.000108472260963
-0.000115077580312
-0.0001218056609
-0.000128654625558
-0.000135622438798
-0.000142706902017
-0.000149905648667
-0.000157216139383
-0.000164635657088
-0.00017216130207
-0.000179789987052
-0.000187518432256
-0.000195343160469
-0.000203260492124
-0.000211266540406
-0.000219357206387
-0.000227528174202
-0.000235774906285
-0.000244092638662
-0.000252476376321
-0.000260920888664
-0.000269420705063
-0.000277970110519
-0.000286563141439
-0.00029519358156
-0.000303854957995
-0.000312540537461
-0.00032124332266
-0.000329956048851
-0.000338671180619
-0.00034738090885
-0.000356077147929
-0.000364751533183
-0.00037339541856
-0.000381999874585
-0.000390555686585
-0.000399053353206
-0.000407483085242
-0.000415834804769
-0.000424098144624
-0.000432262448223
-0.000440316769738
-0.000448249874649
-0.000456050240682
-0.000463706059141
-0.000471205236659
-0.000478535397368
-0.00048568388551
-0.000492637768497
-0.000499383840429
-0.000505908626092
-0.000512198385435
-0.000518239118548
-0.000524016571143
-0.000529516240553
-0.000534723382263
-0.000539623016972
-0.0005441999382
-0.000548438720458
-0.000552323727975
-0.000555839123991
-0.000558968880637
-0.000561696789391
-0.000564006472128
-0.000565881392763
-0.000567304869489
-0.000568260087631
-0.000568730113092
-0.000568697906413
-0.00056814633745
-0.000567058200653
-0.000565416230961
-0.000563203120309
-0.000560401534747
-0.000556994132156
-0.000552963580583
-0.000548292577165
-0.000542963867657
-0.000536960266539
-0.00053026467772
-0.000522860115806
-0.000514729727941
-0.000505856816203
-0.000496224860548
-0.00048581754229
-0.000474618768101
-0.000462612694528
-0.000449783752996
-0.000436116675296
-0.000421596519536
-0.000406208696541
-0.00038993899667
-0.000372773617054
-0.000354699189215
-0.000335702807047
-0.000315772055151
-0.00029489503748
-0.000273060406285
-0.000250257391331
-0.000226475829351
-0.000201706193724
-0.000175939624332
-0.000149167957585
-0.000121383756561
-9.25803412558e-05
-6.27518188896e-05
-3.18931142438e-05
8.08612068916e-19
3.29308729613e-05
6.69019453348e-05
0.000101914719273
0.000137969728417
0.00017506650811
0.000213203565835
0.000252378351914
0.000292587230514
0.000333825450987
0.000376087119608
0.000419365171723
0.000463651344381
0.000508936149468
0.000555208847397
0.000602457421398
0.000650668552453
0.00069982759491
0.000749918552836
0.000800924057142
0.000852825343532
0.000905602231316
0.000959233103139
0.00101369488566
0.00106896303124
0.00112501150068
0.00118181274704
0.00123933770061
0.00129755575507
0.00135643475483
0.00141594098371
0.00147603915491
0.00153669240229
0.00159786227314
0.00165950872232
0.0017215901079
0.00178406318839
0.00184688312146
0.00191000346427
0.00197337617552
0.00203695161909
0.00210067856947
0.00216450421891
0.00222837418638
0.00229223252832
0.00235602175129
0.00241968282649
0.00248315520618
0.00254637684208
0.00260928420571
0.00267181231072
0.00273389473731
0.00279546365862
0.0028564498692
0.00291678281558
0.00297639062896
0.00303520015994
0.00309313701548
0.00315012559791
0.00320608914614
0.00326094977902
0.00331462854085
0.00336704544907
0.00341811954407
0.00346776894127
0.00351591088524
0.00356246180602
0.00360733737766
0.00365045257877
0.00369172175528
0.00373105868529
0.00376837664599
0.00380358848269
0.00383660667984
0.00386734343414
0.00389571072956
0.00392162041442
0.00394498428033
0.00396571414304
0.00398372192513
0.0039989197406
0.00401121998107
0.00402053540389
0.00402677922178
0.00402986519412
0.00402970771992
0.00402622193212
0.00401932379352
0.00400893019394
0.00399495904883
0.00397732939907
0.00395596151197
0.0039307769834
0.0039016988409
0.00386865164788
0.0038315616085
0.00379035667357
0.00374496664698
0.00369532329287
0.00364136044327
0.00358301410621
0.00352022257422
0.00345292653295
0.00338106917013
0.00330459628442
0.0032234563943
0.0031376008468
0.00304698392593
0.00295156296077
0.0028512984331
0.00274615408441
0.00263609702221
0.00252109782557
0.00240113064966
0.00227617332927
0.00214620748121
0.00201121860535
0.00187119618432
0.0017261337816
0.00157602913808
0.00142088426672
0.00126070554542
0.00109550380783
0.000925294431975
0.000750097426712
0.000569937515706
0.000384844218938
0.000194851931563
-3.93718869055e-18
-0.000199667204857
-0.000404100217444
-0.000613244410464
-0.000827039931075
-0.00104542164046
-0.00126831905689
-0.00149565630241
-0.00172735205321
-0.00196331949396
-0.00220346627596
-0.00244769447948
-0.00269590058026
-0.00294797542027
-0.00320380418292
-0.00346326637278
-0.00372623579988
-0.00399258056875
-0.00426216307231
-0.00453483999057
-0.00481046229444
-0.00508887525456
-0.00536991845532
-0.00565342581418
-0.00593922560631
-0.00622714049456
-0.00651698756512
-0.0068085783685
-0.00710171896635
-0.00739620998379
-0.00769184666762
-0.00798841895024
-0.00828571151942
-0.00858350389402
-0.00888157050558
-0.00917968078587
-0.0094775992605
-0.00977508564845
-0.0100718949677
-0.0103677776469
-0.0106624796433
-0.010955742566
-0.0112473038066
-0.0115368966745
-0.0118242505393
-0.0121090909784
-0.0123911399316
-0.0126701158605
-0.0129457339151
-0.013217706105
-0.0134857414778
-0.0137495463021
-0.0140088242571
-0.0142632766278
-0.0145126025051
-0.0147564989922
-0.0149946614164
-0.0152267835461
-0.0154525578126
-0.0156716755382
-0.0158838271685
-0.0160887025096
-0.016285990971
-0.0164753818124
-0.0166565643951
-0.0168292284388
-0.0169930642812
-0.0171477631434
-0.0172930173978
-0.0174285208409
-0.0175539689695
-0.0176690592601
-0.017773491452
-0.0178669678331
-0.0179491935297
-0.0180198767975
-0.0180787293165
-0.0181254664874
-0.0181598077309
-0.0181814767882
-0.0181902020238
-0.0181857167291
-0.0181677594283
-0.0181360741842
-0.0180904109054
-0.0180305256541
-0.017956180954
-0.017867146098
-0.0177631974563
-0.0176441187834
-0.0175097015248
-0.0173597451226
-0.0171940573196
-0.017012454462
-0.0168147618008
-0.0166008137898
-0.016370454383
-0.0161235373276
-0.0158599264553
-0.01557949597
-0.0152821307316
-0.0149677265365
-0.014636190394
-0.0142874407982
-0.0139214079948
-0.0135380342438
-0.0131372740764
-0.0127190945464
-0.0122834754758
-0.0118304096946
-0.0113599032736
-0.0108719757509
-0.0103666603516
-0.00984400419965
-0.00930406852261
-0.00874692884853
-0.0081726751945
-0.00758141224707
-0.00697325953384
-0.00634835158618
-0.00570683809281
-0.00504888404384
-0.00437466986515
-0.00368439154281
-0.00297826073721
-0.00225650488685
-0.00151936730131
-0.000767107243392
1.15925027308e-17
0.000781663058288
0.00157757442929
0.00238741044308
0.00321083123791
0.00404748074825
0.00489698670535
0.00575896065029
0.00663299795985
0.00751867788528
0.00841556360413
0.00932320228539
0.0102411251679
0.0111688476525
0.0121058694074
0.0130516744876
0.0140057314684
0.0149674935922
0.0159363989301
0.0169118705568
0.0178933167404
0.0188801311462
0.0198716930545
0.0208673675933
0.0218665059845
0.0228684458056
0.0238725112645
0.0248780134898
0.0258842508343
0.0268905091942
0.0278960623409
0.0289001722685
0.0299020895543
0.0309010537342
0.0318962936915
0.03288702806
0.0338724656402
0.0348518058299
0.0358242390676
0.0367889472899
0.0377451044015
0.0386918767584
0.0396284236637
0.0405538978769
0.0414674461339
0.0423682096812
0.0432553248203
0.0441279234646
0.0449851337081
0.0458260804042
0.0466498857561
0.0474556699179
0.0482425516055
0.0490096487176
0.0497560789664
0.0504809605176
0.0511834126393
0.0518625563593
0.0525175151312
0.053147415507
0.0537513878187
0.0543285668661
0.0548780926107
0.0553991108771
0.0558907740588
0.0563522418299
0.0567826818621
0.0571812705448
0.0575471937106
0.057879647363
0.0581778384077
0.0584409853863
0.0586683192116
0.058859083905
0.0590125373338
0.0591279519498
0.0592046155277
0.059241831902
0.0592389217039
0.0591952230953
0.0591100925016
0.0589829053405
0.0588130567485
0.0585999623026
0.0583430587377
0.0580418046595
0.0576956812504
0.0573041929708
0.056866868252
0.0563832601829
0.0558529471882
0.0552755336981
0.0546506508089
0.0539779569339
0.0532571384441
0.0524879102981
0.0516700166605
0.0508032315081
0.0498873592243
0.0489222351792
0.0479077262975
0.0468437316107
0.0457301827956
0.0445670446974
0.0433543158361
0.0420920288974
0.0407802512065
0.0394190851841
0.038008668785
0.0365491759176
0.0350408168454
0.0334838385678
0.0318785251822
0.030225198225
0.028524216992
0.0267759788376
0.0249809194518
0.0231395131159
0.0212522729347
0.0193197510466
0.0173425388093
0.0153212669631
0.0132566057688
0.011149265122
0.00899999464221
0.00680958373712
0.00457886164111
0.00230869742841
-2.32283751171e-17
-0.00234628195558
-0.00472916002796
-0.0071476061774
-0.00960055285418
-0.0120868931451
-0.0146054809473
-0.0171551311694
-0.0197346199607
-0.0223426849674
-0.0249780256173
-0.027639303432
-0.0303251423674
-0.033034129182
-0.0357648138331
-0.0385157099017
-0.0412852950449
-0.0440720114766
-0.0468742664757
-0.0496904329234
-0.0525188498667
-0.055357823111
-0.0582056258396
-0.0610604992609
-0.0639206532825
-0.0667842672128
-0.0696494904895
-0.0725144434342
-0.0753772180341
-0.0782358787491
-0.0810884633453
-0.0839329837537
-0.0867674269542
-0.0895897558844
-0.0923979103726
-0.0951898080956
-0.0979633455591
-0.100716399102
-0.103446825923
-0.106152465132
-0.108831138817
-0.111480653139
-0.114098799447
-0.116683355405
-0.119232086153
-0.121742745473
-0.12421307698
-0.126640815335
-0.129023687465
-0.131359413807
-0.133645709569
-0.135880285999
-0.138060851674
-0.140185113803
-0.142250779542
-0.144255557317
-0.146197158169
-0.148073297098
-0.149881694424
-0.151620077158
-0.153286180377
-0.154877748608
-0.156392537223
-0.157828313833
-0.159182859694
-0.160453971108
-0.161639460843
-0.162737159536
-0.163744917112
-0.164660604202
-0.16548211355
-0.166207361436
-0.166834289079
-0.167360864056
-0.167785081696
-0.16810496649
-0.168318573481
-0.168423989652
-0.16841933531
-0.168302765454
-0.168072471141
-0.167726680838
-0.167263661761
-0.166681721208
-0.16597920787
-0.16515451314
-0.164206072393
-0.16313236626
-0.161931921886
-0.16060331416
-0.159145166939
-0.157556154243
-0.155835001436
-0.153980486383
-0.151991440582
-0.149866750281
-0.147605357563
-0.14520626141
-0.142668518743
-0.139991245433
-0.137173617286
-0.134214871
-0.131114305093
-0.127871280803
-0.124485222959
-0.120955620813
-0.117282028853
-0.113464067573
-0.109501424216
-0.105393853481
-0.101141178198
-0.0967432899638
-0.0922001497469
-0.087511788454
-0.0826783074599
-0.0776998791013
-0.0725767471315
-0.0673092271381
-0.0618977069215
-0.0563426468341
-0.0506445800801
-0.0448041129758
-0.0388219251688
-0.0326987698169
-0.0264354737259
-0.020032937446
-0.0134921353268
-0.00681411552992
3.43376970241e-17
0.00694901560692
0.0140316620374
0.0212465965973
0.0285924033513
0.0360675933651
0.0436706049912
0.0513998041964
0.059253484934
0.0672298695575
0.0753271092778
0.0835432846641
0.0918764061859
0.100324414799
0.108885182575
0.117556513367
0.12633614353
0.135221742668
0.144210914433
0.153301197363
0.162490065761
0.171774930611
0.18115314054
0.190621982815
0.200178684387
0.20982041296
0.219544278114
0.229347332457
0.239226572817
0.249178941469
0.259201327403
0.269290567618
0.279443448467
0.289656707018
0.299927032464
0.310251067555
0.320625410068
0.331046614312
0.341511192649
0.352015617067
0.362556320759
0.373129699747
0.383732114528
0.394359891743
0.405009325874
0.415676680972
0.426358192394
0.43705006858
0.447748492835
0.458449625148
0.469149604016
0.479844548298
0.490530559078
0.501203721552
0.511860106923
0.522495774318
0.533106772715
0.543689142877
0.554238919306
0.564752132204
0.575224809438
0.585652978516
0.596032668575
0.606359912365
0.616630748241
0.626841222161
0.63698738968
0.64706531795
0.657071087717
0.667000795316
0.676850554661
0.686616499238
0.696294784083
0.705881587764
0.715373114344
0.724765595344
0.734055291692
0.743238495662
0.752311532799
0.761270763833
0.770112586572
0.778833437791
0.787429795092
0.795898178748
0.804235153537
0.812437330543
0.820501368941
0.828423977764
0.836201917635
0.843832002486
0.851311101244
0.858636139491
0.865804101098
0.872812029828
0.879657030911
0.886336272586
0.892846987615
0.899186474757
0.905352100215
0.911341299046
0.917151576535
0.922780509535
0.928225747762
0.933485015065
0.938556110647
0.943436910247
0.948125367287
0.952619513975
0.956917462365
0.961017405378
0.964917617774
0.968616457088
0.972112364517
0.975403865763
0.97848957183
0.981368179778
0.984038473428
0.986499324021
0.988749690829
0.99078862172
0.992615253678
0.994228813265
0.995628617046
0.996814071958
0.99778467563
0.998540016663
0.999079774843
0.999403721325
0.99951171875
0.999403721325
0.999079774843
0.998540016663
0.99778467563
0.996814071958
0.995628617046
0.994228813265
0.992615253678
0.99078862172
0.988749690829
0.986499324021
0.984038473428
0.981368179778
0.97848957183
0.975403865763
0.972112364517
0.968616457088
0.964917617774
0.961017405378
0.956917462365
0.952619513975
0.948125367287
0.943436910247
0.938556110647
0.933485015065
0.928225747762
0.922780509535
0.917151576535
0.911341299046
0.905352100215
0.899186474757
0.892846987615
0.886336272586
0.879657030911
0.872812029828
0.865804101098
0.858636139491
0.851311101244
0.843832002486
0.836201917635
0.828423977764
0.820501368941
0.812437330543
0.804235153537
0.795898178748
0.787429795092
0.778833437791
0.770112586572
0.761270763833
0.752311532799
0.743238495662
0.734055291692
0.724765595344
0.715373114344
0.705881587764
0.696294784083
0.686616499238
0.676850554661
0.667000795316
0.657071087717
0.64706531795
0.63698738968
0.626841222161
0.616630748241
0.606359912365
0.596032668575
0.585652978516
0.575224809438
0.564752132204
0.554238919306
0.543689142877
0.533106772715
0.522495774318
0.511860106923
0.501203721552
0.490530559078
0.479844548298
0.469149604016
0.458449625148
0.447748492835
0.43705006858
0.426358192394
0.415676680972
0.405009325874
0.394359891743
0.383732114528
0.373129699747
0.362556320759
0.352015617067
0.341511192649
0.331046614312
0.320625410068
0.310251067555
0.299927032464
0.289656707018
0.279443448467
0.269290567618
0.259201327403
0.249178941469
0.239226572817
0.229347332457
0.219544278114
0.20982041296
0.200178684387
0.190621982815
0.18115314054
0.171774930611
0.162490065761
0.153301197363
0.144210914433
0.135221742668
0.12633614353
0.117556513367
0.108885182575
0.100324414799
0.0918764061859
0.0835432846641
0.0753271092778
0.0672298695575
0.059253484934
0.0513998041964
0.0436706049912
0.0360675933651
0.0285924033513
0.0212465965973
0.0140316620374
0.00694901560692
3.43376970241e-17
-0.00681411552992
-0.0134921353268
-0.020032937446
-0.0264354737259
-0.0326987698169
-0.0388219251688
-0.0448041129758
-0.0506445800801
-0.0563426468341
-0.0618977069215
-0.0673092271381
-0.0725767471315
-0.0776998791013
-0.0826783074599
-0.087511788454
-0.0922001497469
-0.0967432899638
-0.101141178198
-0.105393853481
-0.109501424216
-0.113464067573
-0.117282028853
-0.120955620813
-0.124485222959
-0.127871280803
-0.131114305093
-0.134214871
-0.137173617286
-0.139991245433
-0.142668518743
-0.14520626141
-0.147605357563
-0.149866750281
-0.151991440582
-0.153980486383
-0.155835001436
-0.157556154243
-0.159145166939
-0.16060331416
-0.161931921886
-0.16313236626
-0.164206072393
-0.16515451314
-0.16597920787
-0.166681721208
-0.167263661761
-0.167726680838
-0.168072471141
-0.168302765454
-0.16841933531
-0.168423989652
-0.168318573481
-0.16810496649
-0.167785081696
-0.167360864056
-0.166834289079
-0.166207361436
-0.16548211355
-0.164660604202
-0.163744917112
-0.162737159536
-0.161639460843
-0.160453971108
-0.159182859694
-0.157828313833
-0.156392537223
-0.154877748608
-0.153286180377
-0.151620077158
-0.149881694424
-0.148073297098
-0.146197158169
-0.144255557317
-0.142250779542
-0.140185113803
-0.138060851674
-0.135880285999
-0.133645709569
-0.131359413807
-0.129023687465
-0.126640815335
-0.12421307698
-0.121742745473
-0.119232086153
-0.116683355405
-0.114098799447
-0.111480653139
-0.108831138817
-0.106152465132
-0.103446825923
-0.100716399102
-0.0979633455591
-0.0951898080956
-0.0923979103726
-0.0895897558844
-0.0867674269542
-0.0839329837537
-0.0810884633453
-0.0782358787491
-0.0753772180341
-0.0725144434342
-0.0696494904895
-0.0667842672128
-0.0639206532825
-0.0610604992609
-0.0582056258396
-0.055357823111
-0.0525188498667
-0.0496904329234
-0.0468742664757
-0.0440720114766
-0.0412852950449
-0.0385157099017
-0.0357648138331
-0.033034129182
-0.0303251423674
-0.027639303432
-0.0249780256173
-0.0223426849674
-0.0197346199607
-0.0171551311694
-0.0146054809473
-0.0120868931451
-0.00960055285418
-0.0071476061774
-0.00472916002796
-0.00234628195558
-2.32283751171e-17
0.00230869742841
0.00457886164111
0.00680958373712
0.00899999464221
0.011149265122
0.0132566057688
0.0153212669631
0.0173425388093
0.0193197510466
0.0212522729347
0.0231395131159
0.0249809194518
0.0267759788376
0.028524216992
0.030225198225
0.0318785251822
0.0334838385678
0.0350408168454
0.0365491759176
0.038008668785
0.0394190851841
0.0407802512065
0.0420920288974
0.0433543158361
0.0445670446974
0.0457301827956
0.0468437316107
0.0479077262975
0.0489222351792
0.0498873592243
0.0508032315081
0.0516700166605
0.0524879102981
0.0532571384441
0.0539779569339
0.0546506508089
0.0552755336981
0.0558529471882
0.0563832601829
0.056866868252
0.0573041929708
0.0576956812504
0.0580418046595
0.0583430587377
0.0585999623026
0.0588130567485
0.0589829053405
0.0591100925016
0.0591952230953
0.0592389217039
0.059241831902
0.0592046155277
0.0591279519498
0.0590125373338
0.058859083905
0.0586683192116
0.0584409853863
0.0581778384077
0.057879647363
0.0575471937106
0.0571812705448
0.0567826818621
0.0563522418299
0.0558907740588
0.0553991108771
0.0548780926107
0.0543285668661
0.0537513878187
0.053147415507
0.0525175151312
0.0518625563593
0.0511834126393
0.0504809605176
0.0497560789664
0.0490096487176
0.0482425516055
0.0474556699179
0.0466498857561
0.0458260804042
0.0449851337081
0.0441279234646
0.0432553248203
0.0423682096812
0.0414674461339
0.0405538978769
0.0396284236637
0.0386918767584
0.0377451044015
0.0367889472899
0.0358242390676
0.0348518058299
0.0338724656402
0.03288702806
0.0318962936915
0.0309010537342
0.0299020895543
0.0289001722685
0.0278960623409
0.0268905091942
0.0258842508343
0.0248780134898
0.0238725112645
0.0228684458056
0.0218665059845
0.0208673675933
0.0198716930545
0.0188801311462
0.0178933167404
0.0169118705568
0.0159363989301
0.0149674935922
0.0140057314684
0.0130516744876
0.0121058694074
0.0111688476525
0.0102411251679
0.00932320228539
0.00841556360413
0.00751867788528
0.00663299795985
0.00575896065029
0.00489698670535
0.00404748074825
0.00321083123791
0.00238741044308
0.00157757442929
0.000781663058288
1.15925027308e-17
-0.000767107243392
-0.00151936730131
-0.00225650488685
-0.00297826073721
-0.00368439154281
-0.00437466986515
-0.00504888404384
-0.00570683809281
-0.00634835158618
-0.00697325953384
-0.00758141224707
-0.0081726751945
-0.00874692884853
-0.00930406852261
-0.00984400419965
-0.0103666603516
-0.0108719757509
-0.0113599032736
-0.0118304096946
-0.0122834754758
-0.0127190945464
-0.0131372740764
-0.0135380342438
-0.0139214079948
-0.0142874407982
-0.014636190394
-0.0149677265365
-0.0152821307316
-0.01557949597
-0.0158599264553
-0.0161235373276
-0.016370454383
-0.0166008137898
-0.0168147618008
-0.017012454462
-0.0171940573196
-0.0173597451226
-0.0175097015248
-0.0176441187834
-0.0177631974563
-0.017867146098
-0.017956180954
-0.0180305256541
-0.0180904109054
-0.0181360741842
-0.0181677594283
-0.0181857167291
-0.0181902020238
-0.0181814767882
-0.0181598077309
-0.0181254664874
-0.0180787293165
-0.0180198767975
-0.0179491935297
-0.0178669678331
-0.017773491452
-0.0176690592601
-0.0175539689695
-0.0174285208409
-0.0172930173978
-0.0171477631434
-0.0169930642812
-0.0168292284388
-0.0166565643951
-0.0164753818124
-0.016285990971
-0.0160887025096
-0.0158838271685
-0.0156716755382
-0.0154525578126
-0.0152267835461
-0.0149946614164
-0.0147564989922
-0.0145126025051
-0.0142632766278
-0.0140088242571
-0.0137495463021
-0.0134857414778
-0.013217706105
-0.0129457339151
-0.0126701158605
-0.0123911399316
-0.0121090909784
-0.0118242505393
-0.0115368966745
-0.0112473038066
-0.010955742566
-0.0106624796433
-0.0103677776469
-0.0100718949677
-0.00977508564845
-0.0094775992605
-0.00917968078587
-0.00888157050558
-0.00858350389402
-0.00828571151942
-0.00798841895024
-0.00769184666762
-0.00739620998379
-0.00710171896635
-0.0068085783685
-0.00651698756512
-0.00622714049456
-0.00593922560631
-0.00565342581418
-0.00536991845532
-0.00508887525456
-0.00481046229444
-0.00453483999057
-0.00426216307231
-0.00399258056875
-0.00372623579988
-0.00346326637278
-0.00320380418292
-0.00294797542027
-0.00269590058026
-0.00244769447948
-0.00220346627596
-0.00196331949396
-0.00172735205321
-0.00149565630241
-0.00126831905689
-0.00104542164046
-0.000827039931075
-0.000613244410464
-0.000404100217444
-0.000199667204857
-3.93718869055e-18
0.000194851931563
0.000384844218938
0.000569937515706
0.000750097426712
0.000925294431975
0.00109550380783
0.00126070554542
0.00142088426672
0.00157602913808
0.0017261337816
0.00187119618432
0.00201121860535
0.00214620748121
0.00227617332927
0.00240113064966
0.00252109782557
0.00263609702221
0.00274615408441
0.0028512984331
0.00295156296077
0.00304698392593
0.0031376008468
0.0032234563943
0.00330459628442
0.00338106917013
0.00345292653295
0.00352022257422
0.00358301410621
0.00364136044327
0.00369532329287
0.00374496664698
0.00379035667357
0.0038315616085
0.00386865164788
0.0039016988409
0.0039307769834
0.00395596151197
0.00397732939907
0.00399495904883
0.00400893019394
0.00401932379352
0.00402622193212
0.00402970771992
0.00402986519412
0.00402677922178
0.00402053540389
0.00401121998107
0.0039989197406
0.00398372192513
0.00396571414304
0.00394498428033
0.00392162041442
0.00389571072956
0.00386734343414
0.00383660667984
0.00380358848269
0.00376837664599
0.00373105868529
0.00369172175528
0.00365045257877
0.00360733737766
0.00356246180602
0.00351591088524
0.00346776894127
0.00341811954407
0.00336704544907
0.00331462854085
0.00326094977902
0.00320608914614
0.00315012559791
0.00309313701548
0.00303520015994
0.00297639062896
0.00291678281558
0.0028564498692
0.00279546365862
0.00273389473731
0.00267181231072
0.00260928420571
0.00254637684208
0.00248315520618
0.00241968282649
0.00235602175129
0.00229223252832
0.00222837418638
0.00216450421891
0.00210067856947
0.00203695161909
0.00197337617552
0.00191000346427
0.00184688312146
0.00178406318839
0.0017215901079
0.00165950872232
0.00159786227314
0.00153669240229
0.00147603915491
0.00141594098371
0.00135643475483
0.00129755575507
0.00123933770061
0.00118181274704
0.00112501150068
0.00106896303124
0.00101369488566
0.000959233103139
0.000905602231316
0.000852825343532
0.000800924057142
0.000749918552836
0.00069982759491
0.000650668552453
0.000602457421398
0.000555208847397
0.000508936149468
0.000463651344381
0.000419365171723
0.000376087119608
0.000333825450987
0.000292587230514
0.000252378351914
0.000213203565835
0.00017506650811
0.000137969728417
0.000101914719273
6.69019453348e-05
3.29308729613e-05
8.08612068916e-19
-3.18931142438e-05
-6.27518188896e-05
-9.25803412558e-05
-0.000121383756561
-0.000149167957585
-0.000175939624332
-0.000201706193724
-0.000226475829351
-0.000250257391331
-0.000273060406285
-0.00029489503748
-0.000315772055151
-0.000335702807047
-0.000354699189215
-0.000372773617054
-0.00038993899667
-0.000406208696541
-0.000421596519536
-0.000436116675296
-0.000449783752996
-0.000462612694528
-0.000474618768101
-0.00048581754229
-0.000496224860548
-0.000505856816203
-0.000514729727941
-0.000522860115806
-0.00053026467772
-0.000536960266539
-0.000542963867657
-0.000548292577165
-0.000552963580583
-0.000556994132156
-0.000560401534747
-0.000563203120309
-0.000565416230961
-0.000567058200653
-0.00056814633745
-0.000568697906413
-0.000568730113092
-0.000568260087631
-0.000567304869489
-0.000565881392763
-0.000564006472128
-0.000561696789391
-0.000558968880637
-0.000555839123991
-0.000552323727975
-0.000548438720458
-0.0005441999382
-0.000539623016972
-0.000534723382263
-0.000529516240553
-0.000524016571143
-0.000518239118548
-0.000512198385435
-0.000505908626092
-0.000499383840429
-0.000492637768497
-0.00048568388551
-0.000478535397368
-0.000471205236659
-0.000463706059141
-0.000456050240682
-0.000448249874649
-0.000440316769738
-0.000432262448223
-0.000424098144624
-0.000415834804769
-0.000407483085242
-0.000399053353206
-0.000390555686585
-0.000381999874585
-0.00037339541856
-0.000364751533183
-0.000356077147929
-0.00034738090885
-0.000338671180619
-0.000329956048851
-0.00032124332266
-0.000312540537461
-0.000303854957995
-0.00029519358156
-0.000286563141439
-0.000277970110519
-0.000269420705063
-0.000260920888664
-0.000252476376321
-0.000244092638662
-0.000235774906285
-0.000227528174202
-0.000219357206387
-0.000211266540406
-0.000203260492124
-0.000195343160469
-0.000187518432256
-0.000179789987052
-0.00017216130207
-0.000164635657088
-0.000157216139383
-0.000149905648667
-0.000142706902017
-0.000135622438798
-0.000128654625558
-0.0001218056609
-0.000115077580312
-0.000108472260963
-0.000101991426438
-9.56366514263e-05
-8.94093663437e-05
-8.3310861886e-05
-7.73422935125e-05
-7.15046858499e-05
-6.57989370148e-05
-6.02258228489e-05
-5.47860010648e-05
-4.94800152975e-05
-4.4308299059e-05
-3.92711795932e-05
-3.43688816292e-05
-2.96015310291e-05
-2.49691583309e-05
-2.04717021832e-05
-1.61090126714e-05
-1.18808545335e-05
-7.78691026723e-06
-3.82678312508e-06
